+----+-----+-----------+---+
|year|month|crime_total|#  |
+----+-----+-----------+---+
|2010|1    |19515      |1  |
|2010|3    |18131      |2  |
|2010|7    |17856      |3  |
|2011|1    |18134      |1  |
|2011|7    |17283      |2  |
|2011|10   |17034      |3  |
|2012|1    |17943      |1  |
|2012|8    |17661      |2  |
|2012|5    |17502      |3  |
|2013|8    |17440      |1  |
|2013|1    |16820      |2  |
|2013|7    |16644      |3  |
|2014|7    |12196      |1  |
|2014|10   |12133      |2  |
|2014|8    |12028      |3  |
|2015|10   |19219      |1  |
|2015|8    |19011      |2  |
|2015|7    |18709      |3  |
|2016|10   |19659      |1  |
|2016|8    |19490      |2  |
|2016|7    |19448      |3  |
|2017|10   |20431      |1  |
|2017|7    |20192      |2  |
|2017|1    |19833      |3  |
|2018|5    |19972      |1  |
|2018|7    |19875      |2  |
|2018|8    |19761      |3  |
|2019|7    |19121      |1  |
|2019|8    |18979      |2  |
|2019|3    |18854      |3  |
|2020|1    |18496      |1  |
|2020|2    |17255      |2  |
|2020|5    |17204      |3  |
|2021|10   |26676      |1  |
|2021|12   |26317      |2  |
|2021|11   |25715      |3  |
|2022|5    |20418      |1  |
|2022|10   |20274      |2  |
|2022|6    |20201      |3  |
|2023|8    |19743      |1  |
|2023|7    |19697      |2  |
|2023|1    |19633      |3  |
+----+-----+-----------+---+

real    1m12.857s
user    0m41.121s
sys     0m3.458s